height: 1024
width: 1280
distortion_model: "plumb_bob"
D: [0.0, 0.0, 0.0, 0.0, 0.0]
K: [1737.940965446511, 0.0, 606.92101975902, 0.0, 1740.481304274971, 507.44939123866686, 0.0, 0.0, 1.0]
R: [1.0, 0.0, 0.0, 0.0, 1.0, 0.0, 0.0, 0.0, 1.0]
P: [1737.940965446511, 0.0, 606.92101975902, 0.0, 0.0, 1740.481304274971, 507.44939123866686, 0.0, 0.0, 0.0, 1.0, 0.0]
binning_x: 0
binning_y: 0
roi:
  x_offset: 0
  y_offset: 0
  height: 0
  width: 0
  do_rectify: False
fx: 1737.940965446511
fy: 1740.481304274971
x_offset: 606.92101975902
y_offset: 507.44939123866686
img_width: 1280
img_height: 1024
