height: 1024
width: 1280
distortion_model: "plumb_bob"
D: [0.0, 0.0, 0.0, 0.0, 0.0]
K: [1715.7449518912626, 0.0, 633.1750742641294, 0.0, 1714.143009215407, 549.5528230358457, 0.0, 0.0, 1.0]
R: [1.0, 0.0, 0.0, 0.0, 1.0, 0.0, 0.0, 0.0, 1.0]
P: [1715.7449518912626, 0.0, 633.1750742641294, 0.0, 0.0, 1714.143009215407, 549.5528230358457, 0.0, 0.0, 0.0, 1.0, 0.0]
binning_x: 0
binning_y: 0
roi:
  x_offset: 0
  y_offset: 0
  height: 0
  width: 0
  do_rectify: False
fx: 1715.7449518912626
fy: 1714.143009215407
x_offset: 633.1750742641294
y_offset: 549.5528230358457
img_width: 1280
img_height: 1024
