%YAML:1.0
---
depthShift: -3.0855343344717468e+01
