%YAML:1.0
---
rotation: !!opencv-matrix
   rows: 3
   cols: 3
   dt: d
   data: [ 9.9997031066109887e-01, 7.6290507570901779e-03,
       1.0841498472067914e-03, -7.6307557836664481e-03,
       9.9996964130760302e-01, 1.5773488243868230e-03,
       -1.0720832595921741e-03, -1.5855748766599516e-03,
       9.9999816829321997e-01 ]
translation: !!opencv-matrix
   rows: 3
   cols: 1
   dt: d
   data: [ -5.1018330724397626e-02, 3.5199022105958058e-04,
       2.5679609697762157e-03 ]
essential: !!opencv-matrix
   rows: 3
   cols: 3
   dt: d
   data: [ 1.9218120198811436e-05, -2.5684411166903886e-03,
       3.4793900609995839e-04, 2.5131888304107354e-03,
       -6.1302278865084131e-05, 5.1021021328268343e-02,
       3.7328651545587169e-05, -5.1019467225851024e-02,
       -8.0855314134686753e-05 ]
fundamental: !!opencv-matrix
   rows: 3
   cols: 3
   dt: d
   data: [ 3.1565599839332347e-08, -4.2187048524819789e-06,
       1.0592462586069449e-03, 4.1302042386458840e-06,
       -1.0074637164663053e-07, 2.9413956537102923e-02,
       -2.2167865867209705e-03, -8.4801490547564626e-02, 1. ]
