%YAML:1.0
---
rotation: !!opencv-matrix
   rows: 3
   cols: 3
   dt: d
   data: [ 9.9996897138895113e-01, 7.3739635773214206e-03,
       2.7714473625345200e-03, -7.3788294548956228e-03,
       9.9997124545334837e-01, 1.7496120584107437e-03,
       -2.7584660952288758e-03, -1.7700078078100635e-03,
       9.9999462895415681e-01 ]
translation: !!opencv-matrix
   rows: 3
   cols: 1
   dt: d
   data: [ -5.1784847503538595e-02, -4.3050208828892042e-04,
       4.5852928819854468e-03 ]
essential: !!opencv-matrix
   rows: 3
   cols: 3
   dt: d
   data: [ 3.5021619591387666e-05, -4.5843990419098101e-03,
       -4.3852225976013528e-04, 4.4423038606309579e-03,
       -5.7847801704404940e-05, 5.1797277262612899e-02,
       8.1260028848345578e-04, -5.1780183947006203e-02,
       -8.9410279757998681e-05 ]
fundamental: !!opencv-matrix
   rows: 3
   cols: 3
   dt: d
   data: [ 6.1424460360533905e-08, -8.0341490094599610e-06,
       1.3500740586371036e-03, 7.7920437959118681e-06,
       -1.0138701313743511e-07, 3.0875777322599548e-02,
       -2.8191919974094762e-03, -8.8311904013897644e-02, 1. ]
