%YAML:1.0
---
cameraMatrix: !!opencv-matrix
   rows: 3
   cols: 3
   dt: d
   data: [ 1.0602363041691644e+03, 0., 9.4618467476318574e+02, 0.,
       1.0596425892558775e+03, 5.4523330375123578e+02, 0., 0., 1. ]
distortionCoefficients: !!opencv-matrix
   rows: 1
   cols: 5
   dt: d
   data: [ 3.8476676917288052e-02, -1.4260668888946577e-02,
       -5.8431510317724135e-04, 7.7186927262058521e-05,
       -3.6618261392599563e-02 ]
rotation: !!opencv-matrix
   rows: 3
   cols: 3
   dt: d
   data: [ 1., 0., 0., 0., 1., 0., 0., 0., 1. ]
projection: !!opencv-matrix
   rows: 4
   cols: 4
   dt: d
   data: [ 1.0602363041691644e+03, 0., 9.4618467476318574e+02, 0., 0.,
       1.0596425892558775e+03, 5.4523330375123578e+02, 0., 0., 0., 1.,
       0., 0., 0., 0., 1. ]
