%YAML:1.0
---
cameraMatrix: !!opencv-matrix
   rows: 3
   cols: 3
   dt: d
   data: [ 1.0577896121009453e+03, 0., 9.4861449546668905e+02, 0.,
       1.0576970617559209e+03, 5.4780331542418628e+02, 0., 0., 1. ]
distortionCoefficients: !!opencv-matrix
   rows: 1
   cols: 5
   dt: d
   data: [ 4.0514008098906070e-03, 1.9622405725050315e-01,
       -1.7810968895058958e-04, 5.0736226714209580e-04,
       -4.3320931423171993e-01 ]
rotation: !!opencv-matrix
   rows: 3
   cols: 3
   dt: d
   data: [ 1., 0., 0., 0., 1., 0., 0., 0., 1. ]
projection: !!opencv-matrix
   rows: 4
   cols: 4
   dt: d
   data: [ 1.0577896121009453e+03, 0., 9.4861449546668905e+02, 0., 0.,
       1.0576970617559209e+03, 5.4780331542418628e+02, 0., 0., 0., 1.,
       0., 0., 0., 0., 1. ]
