%YAML:1.0
---
cameraMatrix: !!opencv-matrix
   rows: 3
   cols: 3
   dt: d
   data: [ 3.6146001968814426e+02, 0., 2.5481225932199405e+02, 0.,
       3.6174948541921327e+02, 2.0459336721164124e+02, 0., 0., 1. ]
distortionCoefficients: !!opencv-matrix
   rows: 1
   cols: 5
   dt: d
   data: [ 9.3162482829727458e-02, -1.6946376170850355e-01,
       1.4565351043214485e-03, 2.5759721999577098e-04,
       -1.6330113334865332e-01 ]
rotation: !!opencv-matrix
   rows: 3
   cols: 3
   dt: d
   data: [ 1., 0., 0., 0., 1., 0., 0., 0., 1. ]
projection: !!opencv-matrix
   rows: 4
   cols: 4
   dt: d
   data: [ 3.6146001968814426e+02, 0., 2.5481225932199405e+02, 0., 0.,
       3.6174948541921327e+02, 2.0459336721164124e+02, 0., 0., 0., 1.,
       0., 0., 0., 0., 1. ]
