%YAML:1.0
---
cameraMatrix: !!opencv-matrix
   rows: 3
   cols: 3
   dt: d
   data: [ 3.6304153935753180e+02, 0., 2.5351826322044198e+02, 0.,
       3.6303619983935710e+02, 2.0380075646182954e+02, 0., 0., 1. ]
distortionCoefficients: !!opencv-matrix
   rows: 1
   cols: 5
   dt: d
   data: [ 1.0613474581787806e-01, -2.8472972082174919e-01,
       5.8295227705024578e-04, -8.9424358163761890e-04,
       9.1372939572975778e-02 ]
rotation: !!opencv-matrix
   rows: 3
   cols: 3
   dt: d
   data: [ 1., 0., 0., 0., 1., 0., 0., 0., 1. ]
projection: !!opencv-matrix
   rows: 4
   cols: 4
   dt: d
   data: [ 3.6304153935753180e+02, 0., 2.5351826322044198e+02, 0., 0.,
       3.6303619983935710e+02, 2.0380075646182954e+02, 0., 0., 0., 1.,
       0., 0., 0., 0., 1. ]
