%YAML:1.0
---
depthShift: -1.4320051967903405e+01
