%YAML:1.0
depthShift: -1.5316329055051037e+01
