%YAML:1.0
cameraMatrix: !!opencv-matrix
   rows: 3
   cols: 3
   dt: d
   data: [ 3.6481402485674914e+02, 0., 2.4919163574267640e+02, 0.,
       3.6564147531055949e+02, 2.0166697448224048e+02, 0., 0., 1. ]
distortionCoefficients: !!opencv-matrix
   rows: 1
   cols: 5
   dt: d
   data: [ 9.0190407690103544e-02, -2.6188136958213210e-01,
       -1.9083811851842531e-03, -1.7560300771064226e-03,
       8.7082327195363032e-02 ]
rotation: !!opencv-matrix
   rows: 3
   cols: 3
   dt: d
   data: [ 1., 0., 0., 0., 1., 0., 0., 0., 1. ]
projection: !!opencv-matrix
   rows: 4
   cols: 4
   dt: d
   data: [ 3.6481402485674914e+02, 0., 2.4919163574267640e+02, 0., 0.,
       3.6564147531055949e+02, 2.0166697448224048e+02, 0., 0., 0., 1.,
       0., 0., 0., 0., 1. ]
