%YAML:1.0
rotation: !!opencv-matrix
   rows: 3
   cols: 3
   dt: d
   data: [ 9.9997098832807163e-01, 8.7543850251857100e-04,
       -7.5667766986856734e-03, -8.7963935281423105e-04,
       9.9999946084234925e-01, -5.5186014507693012e-04,
       7.5662894993811193e-03, 5.5850016924958166e-04,
       9.9997121925622057e-01 ]
translation: !!opencv-matrix
   rows: 3
   cols: 1
   dt: d
   data: [ -5.2213398856993228e-02, -4.0589024589461338e-04,
       1.2428875139456690e-02 ]
essential: !!opencv-matrix
   rows: 3
   cols: 3
   dt: d
   data: [ 7.8618445784669349e-06, -1.2429095128104597e-02,
       -3.9901956323384012e-04, 1.2823576248507371e-02,
       4.0041907938802895e-05, 5.2117849593742757e-02,
       4.5180743071875735e-04, -5.2213015373790708e-02,
       2.5743213013320738e-05 ]
fundamental: !!opencv-matrix
   rows: 3
   cols: 3
   dt: d
   data: [ 1.1483866850762934e-08, -1.8114205059048365e-05,
       3.4375428614182315e-03, 1.8698191154622770e-05,
       5.8253399288292690e-08, 2.3052344486859836e-02,
       -9.2065402434451105e-03, -6.5378769993514760e-02, 1. ]
