%YAML:1.0
cameraMatrix: !!opencv-matrix
   rows: 3
   cols: 3
   dt: d
   data: [ 1.0816614546595843e+03, 0., 9.3636956876094439e+02, 0.,
       1.0835890591242298e+03, 5.2997851008908481e+02, 0., 0., 1. ]
distortionCoefficients: !!opencv-matrix
   rows: 1
   cols: 5
   dt: d
   data: [ 8.6808464616859052e-02, -1.5230833369763430e-01,
       -4.1058411071205088e-04, -2.2940995679466590e-04,
       7.2272193731523410e-02 ]
rotation: !!opencv-matrix
   rows: 3
   cols: 3
   dt: d
   data: [ 1., 0., 0., 0., 1., 0., 0., 0., 1. ]
projection: !!opencv-matrix
   rows: 4
   cols: 4
   dt: d
   data: [ 1.0816614546595843e+03, 0., 9.3636956876094439e+02, 0., 0.,
       1.0835890591242298e+03, 5.2997851008908481e+02, 0., 0., 0., 1.,
       0., 0., 0., 0., 1. ]
