%YAML:1.0
---
rotation: !!opencv-matrix
   rows: 3
   cols: 3
   dt: d
   data: [ 9.9995779211220315e-01, -9.1858755051805168e-03,
       -1.8353553146512782e-04, 9.1866844367005911e-03,
       9.9994508300439600e-01, 5.0433921513337665e-03,
       1.3719747981919984e-04, -5.0448653634142188e-03,
       9.9998726517407033e-01 ]
translation: !!opencv-matrix
   rows: 3
   cols: 1
   dt: d
   data: [ -5.3708816244494008e-02, 5.9046280600336207e-04,
       -3.3880757758380721e-03 ]
essential: !!opencv-matrix
   rows: 3
   cols: 3
   dt: d
   data: [ 3.1206193009164531e-05, 3.3849109075371935e-03,
       6.0754268133829555e-04, -3.3805640580830609e-03,
       -2.3983130450286032e-04, 5.3708754104356410e-02,
       -1.0838438301224030e-03, -5.3700442799842027e-02,
       -2.7076625139999840e-04 ]
fundamental: !!opencv-matrix
   rows: 3
   cols: 3
   dt: d
   data: [ 1.9955928853115094e-08, 2.1619514435426669e-06,
       -3.1686859262981592e-04, -2.1592608185052388e-06,
       -1.5299926370265129e-07, 1.3109564476439246e-02,
       4.1040128515137491e-04, -3.8517289460783311e-02, 1. ]
