%YAML:1.0
---
depthShift: -8.8427640004467207e+00
