%YAML:1.0
---
cameraMatrix: !!opencv-matrix
   rows: 3
   cols: 3
   dt: d
   data: [ 3.6496383355928560e+02, 0., 2.5808928341629957e+02, 0.,
       3.6541156900666158e+02, 2.0976981625165388e+02, 0., 0., 1. ]
distortionCoefficients: !!opencv-matrix
   rows: 1
   cols: 5
   dt: d
   data: [ 8.6014357148626902e-02, -2.6939818606254173e-01,
       8.1567491227072344e-04, 5.7107794772307300e-04,
       9.4252989734020964e-02 ]
rotation: !!opencv-matrix
   rows: 3
   cols: 3
   dt: d
   data: [ 1., 0., 0., 0., 1., 0., 0., 0., 1. ]
projection: !!opencv-matrix
   rows: 4
   cols: 4
   dt: d
   data: [ 3.6496383355928560e+02, 0., 2.5808928341629957e+02, 0., 0.,
       3.6541156900666158e+02, 2.0976981625165388e+02, 0., 0., 0., 1.,
       0., 0., 0., 0., 1. ]
