%YAML:1.0
---
cameraMatrix: !!opencv-matrix
   rows: 3
   cols: 3
   dt: d
   data: [ 1.0659927604712241e+03, 0., 9.4265823953045231e+02, 0.,
       1.0672581439531573e+03, 5.4095171152639716e+02, 0., 0., 1. ]
distortionCoefficients: !!opencv-matrix
   rows: 1
   cols: 5
   dt: d
   data: [ 9.3114902281055928e-02, -1.6604565718695669e-01,
       2.8402995626152058e-04, 7.9037523624629884e-04,
       7.7136821497332711e-02 ]
rotation: !!opencv-matrix
   rows: 3
   cols: 3
   dt: d
   data: [ 1., 0., 0., 0., 1., 0., 0., 0., 1. ]
projection: !!opencv-matrix
   rows: 4
   cols: 4
   dt: d
   data: [ 1.0659927604712241e+03, 0., 9.4265823953045231e+02, 0., 0.,
       1.0672581439531573e+03, 5.4095171152639716e+02, 0., 0., 0., 1.,
       0., 0., 0., 0., 1. ]
